,Milkshake - Red Velvet - [None],Cool World - Red Velvet - [None],'Cause It's You - Red Velvet - [None],Lady's Room - Red Velvet - [None],Eyes Locked Hands Locked - Red Velvet - [None],Butterflies - Red Velvet - [None],Aitai-tai - Red Velvet - [None],With You - Red Velvet - [None],Power Up - Red Velvet - [None],Jelly - Red Velvet - [None],Parade - Red Velvet - [None],Sunny Afternoon - Red Velvet - [None],Bad Dracula - Red Velvet - [None],Cool Hot Sweet Love - Red Velvet - [None],Ice Cream Cake - Red Velvet - [None],Blue Lemonade - Red Velvet - [None],I Just - Red Velvet - [None],Red Flavor - Red Velvet - [None],Jumpin' - Red Velvet - [None],So Good - Red Velvet - [None],Feel Good - Red Velvet - [None],Naughty - Red Velvet - [None],Mojito - Red Velvet - [None],Peek-A-Boo - Red Velvet - [None],Red Dress - Red Velvet - [None],Bing Bing - Red Velvet - [None],You Better Know - Red Velvet - [None],Last Love - Red Velvet - [None],In & Out - Red Velvet - [None],Rookie - Red Velvet - [None],Remember Forever - Red Velvet - [None],Rose Scent Breeze - Red Velvet - [None],Day 1 - Red Velvet - [None],One of These Nights - Red Velvet - [None],Love Is The Way - Red Velvet - [None],Campfire - Red Velvet - [None],Uncover - Red Velvet - [None],Be Natural - Red Velvet - [None],Taste - Red Velvet - [None],Ladies Night - Red Velvet - [None],Talk to Me - Red Velvet - [None],Some Love - Red Velvet - [None],Psycho - Red Velvet - [None],Perfect 10 - Red Velvet - [None],Diamond - Red Velvet - [None],Mosquito - Red Velvet - [None],LP - Red Velvet - [None],Body Talk - Red Velvet - [None],My Second Date - Red Velvet - [None],Sassy Me - Red Velvet - [None],La Rouge - Red Velvet - [None],Zoo - Red Velvet - [None],Dumb Dumb - Red Velvet - [None],Don't U Wait No More - Red Velvet - [None],Russian Roulette - Red Velvet - [None],Take It Slow - Red Velvet - [None],Oh Boy - Red Velvet - [None],Hit That Drum - Red Velvet - [None],Huff N Puff - Red Velvet - [None],Zimzalabim - Red Velvet - [None],Carpool - Red Velvet - [None],Light Me Up - Red Velvet - [None],Time Slip - Red Velvet - [None],Kingdom Come - Red Velvet - [None],Hear The Sea - Red Velvet - [None],Mr. E - Red Velvet - [None],Candy - Red Velvet - [None],My Dear - Red Velvet - [None],About Love - Red Velvet - [None],Swimming Pool - Red Velvet - [None],Time to Love - Red Velvet - [None],Happily Ever After - Red Velvet - [None],Sunny Side Up! - Red Velvet - [None],Lucky Girl - Red Velvet - [None],Umpah Umpah - Red Velvet - [None],Sappy - Red Velvet - [None],All Right - Red Velvet - [None],Stupid Cupid - Red Velvet - [None],Cookie Jar - Red Velvet - [None],Automatic - Red Velvet - [None],Sayonara - Red Velvet - [None],Happiness - Red Velvet - [None],Attaboy - Red Velvet - [None],Fool - Red Velvet - [None],Monster - Red Velvet - [None],Bad Boy - Red Velvet - [None],First Time - Red Velvet - [None],Look - Red Velvet - [None],Little Little - Red Velvet - [None],Somethin Kinda Crazy - Red Velvet - [None],Moonlight Melody - Red Velvet - [None],RBB - Red Velvet - [None]
Milkshake - Red Velvet - [None],1606,472,442,373,911,1069,517,600,911,725,631,443,457,714,1039,1080,989,1137,732,955,757,1133,569,1298,571,658,1122,376,1325,783,829,320,531,828,829,402,686,674,534,856,846,371,1483,690,614,627,933,684,653,940,1030,922,1067,442,1153,395,800,873,525,1044,722,685,446,1196,525,620,762,352,527,553,615,590,1394,667,1048,706,451,368,906,825,564,774,538,456,1238,1367,303,979,724,532,674,1056
Cool World - Red Velvet - [None],472,996,387,328,653,704,445,399,484,473,370,362,318,550,592,650,687,645,426,658,534,645,441,708,449,413,786,321,740,455,498,286,431,532,497,358,457,384,395,524,543,359,887,533,394,397,551,609,467,564,545,558,655,346,686,342,582,480,399,601,445,515,420,751,415,425,577,302,408,456,496,416,731,420,575,429,367,272,508,530,449,419,377,326,695,818,284,610,556,399,449,592
'Cause It's You - Red Velvet - [None],442,387,848,273,554,596,421,431,474,445,311,301,275,436,546,568,524,605,356,554,481,578,366,651,351,356,673,334,665,384,545,275,413,490,512,307,400,379,352,491,473,293,805,442,363,371,470,449,403,478,520,479,542,275,577,334,478,433,310,521,396,472,305,658,389,355,568,293,374,465,473,369,645,376,536,407,321,238,503,441,459,394,294,328,634,710,283,527,506,360,480,532
Lady's Room - Red Velvet - [None],373,328,273,662,465,500,333,356,409,382,304,318,278,384,452,516,451,492,342,476,364,489,334,529,400,299,515,261,519,371,392,230,360,419,389,307,349,356,333,472,444,263,612,393,338,311,435,391,383,406,452,435,470,288,520,296,432,407,322,464,351,388,339,517,341,331,408,282,317,347,376,355,503,376,449,359,321,260,402,412,330,364,298,293,488,576,235,463,406,344,353,461
Eyes Locked Hands Locked - Red Velvet - [None],911,653,554,465,2214,1421,661,699,1015,935,593,514,416,950,1140,1340,1235,1315,729,1378,970,1374,645,1519,670,714,1472,507,1609,878,1151,411,685,1154,1055,476,892,820,709,1111,1046,472,2011,1021,760,638,1185,986,755,1113,1231,960,1300,450,1372,532,1017,893,535,1242,794,1027,637,1719,741,634,1062,416,719,694,987,617,1556,662,1178,781,526,355,986,1091,777,787,592,489,1497,1876,421,1225,1002,651,875,1243
Butterflies - Red Velvet - [None],1069,704,596,500,1421,2597,854,808,1183,1036,641,557,524,1029,1333,1710,1479,1600,803,1566,1056,1646,729,1868,741,795,1806,513,1894,1032,1158,441,784,1246,1045,507,966,931,754,1189,1222,517,2274,1032,812,768,1293,1081,867,1330,1338,1243,1477,516,1713,547,1167,1130,639,1423,857,1039,658,1872,782,766,1126,459,729,789,1004,761,1908,840,1374,932,634,416,1178,1244,853,925,676,551,1685,2105,386,1513,1105,735,961,1481
Aitai-tai - Red Velvet - [None],517,445,421,333,661,854,1097,446,517,583,392,374,348,551,633,773,716,679,446,724,568,746,450,800,413,455,765,309,822,540,530,294,451,600,501,331,476,445,443,602,612,344,939,566,478,441,648,617,496,651,664,637,715,338,759,332,608,563,376,669,451,516,419,833,483,458,541,322,427,532,528,471,804,461,623,525,420,276,652,594,585,431,449,327,743,865,270,715,553,396,478,703
With You - Red Velvet - [None],600,399,431,356,699,808,446,1058,662,548,404,397,333,520,714,828,698,806,499,694,518,759,447,852,477,436,877,371,837,553,696,299,473,649,659,326,502,529,440,685,662,338,1005,520,479,473,657,523,531,618,686,636,713,356,803,386,591,654,388,726,537,581,356,833,485,487,652,340,453,460,555,477,870,525,732,518,417,296,612,559,458,552,371,391,841,940,302,709,647,462,585,692
Power Up - Red Velvet - [None],911,484,474,409,1015,1183,517,662,1895,791,572,442,461,708,1295,1174,988,1473,697,963,748,1341,588,1554,586,615,1304,437,1396,1044,949,343,603,1040,858,387,739,855,553,909,893,376,1776,709,622,650,959,723,674,954,1049,934,1341,448,1459,425,816,977,564,1354,702,756,455,1276,562,623,859,362,525,566,699,599,1452,688,1330,855,460,360,1052,905,580,1048,535,454,1470,1652,328,987,805,577,738,1329
Jelly - Red Velvet - [None],725,473,445,382,935,1036,583,548,791,1581,502,441,388,666,872,1032,927,986,623,999,915,1138,526,1153,529,554,1037,377,1236,699,820,339,573,789,740,404,787,622,548,828,811,388,1408,687,749,526,905,726,627,848,927,774,987,366,1089,411,772,713,444,946,595,711,470,1181,546,532,767,368,572,587,700,530,1162,554,891,642,464,316,816,776,627,629,482,428,1170,1323,325,910,695,509,657,945
Parade - Red Velvet - [None],631,370,311,304,593,641,392,404,572,502,926,337,365,458,621,651,656,651,566,614,531,677,417,746,417,560,673,270,789,524,531,240,383,530,547,301,445,424,408,576,582,300,838,476,449,453,709,508,497,625,629,589,655,331,707,295,530,545,399,679,526,453,367,720,408,476,484,276,374,419,428,454,768,458,630,471,344,295,538,507,420,470,448,333,706,784,231,623,478,386,447,656
Sunny Afternoon - Red Velvet - [None],443,362,301,318,514,557,374,397,442,441,337,759,332,440,493,605,512,514,397,560,410,548,375,593,367,351,569,305,616,422,453,274,416,489,466,325,395,396,382,531,527,332,684,442,399,344,521,461,426,480,535,458,528,323,609,339,503,435,323,519,388,433,373,630,423,368,457,356,399,375,440,410,608,453,510,420,356,284,443,469,400,390,353,375,548,648,274,530,487,403,441,510
Bad Dracula - Red Velvet - [None],457,318,275,278,416,524,348,333,461,388,365,332,754,397,513,534,507,521,395,488,399,539,348,619,401,376,550,261,612,429,409,240,358,450,394,298,357,378,314,420,459,279,681,403,366,387,462,435,409,505,511,510,553,327,580,262,468,470,398,526,388,360,327,584,332,404,388,259,305,362,352,420,618,484,517,401,306,327,466,432,359,401,373,329,553,614,222,497,398,358,384,543
Cool Hot Sweet Love - Red Velvet - [None],714,550,436,384,950,1029,551,520,708,666,458,440,397,1533,864,994,956,955,531,972,706,1015,504,1118,607,550,1085,380,1154,683,679,369,500,861,694,417,645,636,516,734,808,431,1381,745,577,570,769,812,627,863,877,809,954,421,983,415,852,718,546,912,547,742,557,1197,539,540,759,354,526,562,683,554,1205,614,828,617,430,356,760,919,602,606,526,414,1074,1258,323,955,739,553,621,926
Ice Cream Cake - Red Velvet - [None],1039,592,546,452,1140,1333,633,714,1295,872,621,493,513,864,2268,1302,1204,1626,718,1167,899,1521,658,1798,708,703,1494,463,1669,1099,1037,384,673,1186,953,458,827,965,621,988,1051,429,2091,828,689,706,1056,891,773,1104,1193,1080,1565,502,1647,486,1009,1054,655,1487,761,881,548,1551,665,681,1023,415,602,677,769,691,1688,766,1373,929,503,424,1190,1101,719,1150,624,503,1701,1923,370,1169,915,647,814,1443
Blue Lemonade - Red Velvet - [None],1080,650,568,516,1340,1710,773,828,1174,1032,651,605,534,994,1302,2514,1389,1515,793,1533,1003,1543,740,1801,748,745,1675,514,1821,1025,1151,419,786,1213,1067,494,914,882,725,1183,1214,515,2235,984,788,767,1292,1040,879,1217,1370,1178,1475,502,1669,563,1170,1104,625,1397,894,1005,627,1825,783,767,1065,472,755,774,977,754,1854,850,1347,917,617,426,1159,1181,849,910,674,561,1633,2056,392,1391,1060,719,946,1424
I Just - Red Velvet - [None],989,687,524,451,1235,1479,716,698,988,927,656,512,507,956,1204,1389,2360,1364,732,1403,1044,1449,685,1702,693,739,1572,437,1766,905,993,394,660,1131,917,478,904,855,682,1004,1134,498,2093,996,764,700,1127,1092,886,1199,1202,1146,1382,488,1467,491,1111,980,626,1270,756,889,635,1789,688,723,959,397,652,693,852,685,1744,767,1154,819,555,386,1016,1124,782,807,694,504,1552,1922,364,1473,949,650,844,1277
Red Flavor - Red Velvet - [None],1137,645,605,492,1315,1600,679,806,1473,986,651,514,521,955,1626,1515,1364,2732,801,1290,998,1737,753,2083,782,771,1813,517,1906,1186,1161,415,741,1287,1082,494,902,983,655,1165,1176,470,2508,910,758,761,1206,1008,840,1211,1331,1256,1722,539,1888,527,1115,1182,680,1660,895,987,588,1814,717,754,1138,449,651,780,900,725,1912,838,1577,950,576,414,1212,1188,725,1217,626,542,1936,2325,391,1322,1020,691,909,1590
Jumpin' - Red Velvet - [None],732,426,356,342,729,803,446,499,697,623,566,397,395,531,718,793,732,801,1109,757,602,822,484,887,489,597,833,315,950,595,681,292,458,608,711,348,545,489,456,741,668,337,1022,572,534,508,766,586,544,742,767,718,777,384,797,333,621,687,451,757,675,555,401,871,459,521,562,326,451,473,533,515,950,537,766,551,414,313,650,590,474,535,476,372,853,942,265,753,568,456,547,764
So Good - Red Velvet - [None],955,658,554,476,1378,1566,724,694,963,999,614,560,488,972,1167,1533,1403,1290,757,2335,1109,1439,649,1612,707,746,1522,485,1770,894,1044,413,718,1114,996,502,906,844,765,1061,1151,506,2071,1019,786,692,1194,1101,816,1260,1299,1057,1339,480,1432,520,1165,900,599,1253,781,986,648,1815,747,712,1007,448,754,742,1029,704,1655,714,1135,838,574,381,1047,1122,904,755,634,511,1541,1917,392,1324,1017,677,890,1318
Feel Good - Red Velvet - [None],757,534,481,364,970,1056,568,518,748,915,531,410,399,706,899,1003,1044,998,602,1109,1716,1204,515,1266,543,613,1101,379,1339,696,824,340,543,843,726,401,827,656,561,784,783,415,1537,773,780,568,848,863,615,990,1002,828,1021,368,1076,396,825,731,484,980,593,713,515,1351,557,571,779,337,517,574,729,543,1259,549,865,657,449,328,821,877,679,613,509,418,1309,1404,318,977,726,506,664,976
Naughty - Red Velvet - [None],1133,645,578,489,1374,1646,746,759,1341,1138,677,548,539,1015,1521,1543,1449,1737,822,1439,1204,2804,711,2129,744,808,1691,466,1988,1258,1154,433,791,1408,1052,523,1066,1124,703,1189,1175,484,2501,991,929,753,1312,1083,853,1336,1463,1207,1707,515,1875,536,1143,1170,692,1675,859,989,664,1958,758,724,1086,441,721,751,961,743,2016,836,1587,1063,585,425,1338,1376,849,1114,690,546,2068,2321,404,1459,1051,724,948,1665
Mojito - Red Velvet - [None],569,441,366,334,645,729,450,447,588,526,417,375,348,504,658,740,685,753,484,649,515,711,1016,776,481,422,814,313,790,512,552,287,429,549,547,330,474,431,401,551,619,333,937,518,421,504,615,569,500,597,635,700,683,353,739,323,575,608,413,677,504,545,367,754,468,476,570,311,386,465,457,472,798,469,623,476,359,290,563,533,427,498,394,360,730,854,263,669,541,418,482,661
Peek-A-Boo - Red Velvet - [None],1298,708,651,529,1519,1868,800,852,1554,1153,746,593,619,1118,1798,1801,1702,2083,887,1612,1266,2129,776,3438,818,859,1979,558,2404,1371,1303,454,904,1555,1162,566,1110,1163,775,1299,1324,528,3078,1093,961,886,1458,1218,967,1514,1596,1400,1947,579,2254,571,1358,1307,775,1896,945,1102,708,2328,836,854,1229,474,763,833,1026,845,2415,949,1754,1096,614,494,1493,1552,944,1272,784,615,2352,2799,421,1648,1139,814,1066,1905
Red Dress - Red Velvet - [None],571,449,351,400,670,741,413,477,586,529,417,367,401,607,708,748,693,782,489,707,543,744,481,818,1094,467,840,314,865,495,575,280,445,602,576,379,467,477,421,613,674,349,1022,556,434,463,622,596,548,661,673,663,769,415,756,332,656,635,522,720,494,557,415,840,422,485,603,321,392,473,506,508,861,540,646,500,369,323,566,599,446,521,438,375,792,909,258,649,595,445,497,700
Bing Bing - Red Velvet - [None],658,413,356,299,714,795,455,436,615,554,560,351,376,550,703,745,739,771,597,746,613,808,422,859,467,1115,802,308,925,594,583,263,416,612,602,335,514,513,448,664,630,327,990,550,499,501,705,601,487,775,763,681,787,372,799,297,620,697,459,794,546,535,427,883,451,493,544,291,398,438,479,482,915,500,707,575,369,309,642,620,459,532,453,359,837,932,263,741,557,408,492,777
You Better Know - Red Velvet - [None],1122,786,673,515,1472,1806,765,877,1304,1037,673,569,550,1085,1494,1675,1572,1813,833,1522,1101,1691,814,1979,840,802,2816,576,1982,1064,1252,470,797,1332,1155,521,1014,967,720,1221,1301,546,2572,1023,813,803,1225,1176,902,1337,1407,1382,1641,560,1779,571,1243,1275,713,1535,955,1134,636,1998,791,810,1272,457,727,888,1010,791,2015,917,1478,938,602,428,1209,1228,843,1024,658,599,1872,2278,420,1488,1192,783,991,1520
Last Love - Red Velvet - [None],376,321,334,261,507,513,309,371,437,377,270,305,261,380,463,514,437,517,315,485,379,466,313,558,314,308,576,727,556,342,477,315,400,486,409,260,354,356,334,463,416,266,673,398,340,312,430,413,353,438,495,399,475,247,499,320,442,419,280,463,334,484,297,579,397,312,482,296,356,341,439,325,568,347,464,330,300,236,395,411,389,375,261,283,530,631,314,471,471,329,452,481
In & Out - Red Velvet - [None],1325,740,665,519,1609,1894,822,837,1396,1236,789,616,612,1154,1669,1821,1766,1906,950,1770,1339,1988,790,2404,865,925,1982,556,3340,1238,1396,463,897,1459,1261,578,1111,1071,799,1336,1405,551,3015,1121,944,878,1532,1317,992,1583,1648,1429,1855,580,2090,581,1389,1281,777,1776,979,1159,729,2368,865,870,1238,499,799,899,1079,868,2470,938,1608,1048,634,476,1376,1441,1032,1113,793,612,2185,2666,416,1622,1171,789,1066,1783
Rookie - Red Velvet - [None],783,455,384,371,878,1032,540,553,1044,699,524,422,429,683,1099,1025,905,1186,595,894,696,1258,512,1371,495,594,1064,342,1238,1708,756,311,552,1009,692,369,663,849,512,803,821,342,1521,642,615,554,926,707,588,894,925,805,1261,415,1300,375,779,792,504,1230,593,658,462,1209,537,557,694,348,510,480,632,572,1253,612,1129,839,413,356,1054,958,552,922,524,392,1261,1445,286,956,718,536,614,1208
Remember Forever - Red Velvet - [None],829,498,545,392,1151,1158,530,696,949,820,531,453,409,679,1037,1151,993,1161,681,1044,824,1154,552,1303,575,583,1252,477,1396,756,1752,388,665,964,952,418,757,704,582,996,868,384,1652,764,663,585,976,732,642,900,1047,832,1075,400,1190,468,803,826,466,1078,735,827,457,1314,666,557,955,407,620,614,821,570,1299,628,1051,692,475,343,898,786,679,717,488,487,1281,1499,370,984,841,576,891,1041
Rose Scent Breeze - Red Velvet - [None],320,286,275,230,411,441,294,299,343,339,240,274,240,369,384,419,394,415,292,413,340,433,287,454,280,263,470,315,463,311,388,605,332,437,351,237,328,314,284,372,340,241,541,335,293,272,374,357,305,371,403,351,396,232,423,289,347,345,244,394,298,362,281,482,370,281,393,259,294,303,364,297,460,298,384,310,255,229,351,389,339,296,251,262,438,484,280,408,372,295,401,401
Day 1 - Red Velvet - [None],531,431,413,360,685,784,451,473,603,573,383,416,358,500,673,786,660,741,458,718,543,791,429,904,445,416,797,400,897,552,665,332,1202,653,604,363,491,498,444,713,622,310,1081,519,466,431,739,543,481,627,703,577,753,342,821,428,619,585,390,694,485,589,391,899,549,422,649,404,498,470,580,450,863,515,691,495,397,306,631,602,520,482,380,401,806,982,323,715,606,488,623,724
One of These Nights - Red Velvet - [None],828,532,490,419,1154,1246,600,649,1040,789,530,489,450,861,1186,1213,1131,1287,608,1114,843,1408,549,1555,602,612,1332,486,1459,1009,964,437,653,2108,826,430,826,1054,602,979,937,421,1866,852,732,593,1029,889,658,999,1111,898,1303,444,1373,507,898,892,559,1307,636,876,575,1578,725,580,936,393,596,570,805,595,1474,679,1222,875,476,386,1037,1208,701,949,566,462,1461,1755,399,1126,898,609,850,1267
Love Is The Way - Red Velvet - [None],829,497,512,389,1055,1045,501,659,858,740,547,466,394,694,953,1067,917,1082,711,996,726,1052,547,1162,576,602,1155,409,1261,692,952,351,604,826,1597,393,650,637,537,989,861,410,1476,694,585,557,908,692,651,883,957,841,993,443,1106,467,797,781,497,978,778,739,463,1195,574,549,817,398,573,633,725,557,1217,663,988,651,476,342,821,757,617,682,485,478,1188,1349,323,928,770,558,732,989
Campfire - Red Velvet - [None],402,358,307,307,476,507,331,326,387,404,301,325,298,417,458,494,478,494,348,502,401,523,330,566,379,335,521,260,578,369,418,237,363,430,393,697,366,354,347,416,445,285,648,424,360,339,443,405,376,455,478,448,511,297,509,292,482,396,357,471,350,414,359,575,356,332,437,276,353,343,380,353,561,350,461,374,291,259,422,454,380,358,309,292,556,620,237,484,417,350,375,487
Uncover - Red Velvet - [None],686,457,400,349,892,966,476,502,739,787,445,395,357,645,827,914,904,902,545,906,827,1066,474,1110,467,514,1014,354,1111,663,757,328,491,826,650,366,1447,661,511,747,707,366,1349,691,722,500,779,698,538,803,903,739,884,337,954,377,695,686,410,891,531,699,456,1166,517,494,747,309,484,482,646,486,1088,492,822,596,396,304,732,819,557,599,454,401,1147,1260,293,870,658,484,609,894
Be Natural - Red Velvet - [None],674,384,379,356,820,931,445,529,855,622,424,396,378,636,965,882,855,983,489,844,656,1124,431,1163,477,513,967,356,1071,849,704,314,498,1054,637,354,661,1469,511,747,710,349,1339,660,621,505,800,622,540,810,912,700,1008,382,1068,383,692,707,464,1017,502,644,448,1134,538,464,682,342,470,424,611,483,1110,553,959,766,391,329,857,1007,530,821,473,398,1154,1299,300,889,677,510,616,1018
Taste - Red Velvet - [None],534,395,352,333,709,754,443,440,553,548,408,382,314,516,621,725,682,655,456,765,561,703,401,775,421,448,720,334,799,512,582,284,444,602,537,347,511,511,1004,650,588,315,918,601,504,433,677,568,475,732,671,556,689,325,723,344,578,535,379,659,446,557,419,848,467,424,539,329,482,422,538,419,773,431,610,522,397,278,559,613,490,475,424,346,758,858,275,704,566,431,504,691
Ladies Night - Red Velvet - [None],856,524,491,472,1111,1189,602,685,909,828,576,531,420,734,988,1183,1004,1165,741,1061,784,1189,551,1299,613,664,1221,463,1336,803,996,372,713,979,989,416,747,747,650,1784,893,425,1617,803,679,582,1062,773,680,974,1119,901,1098,457,1231,511,872,869,509,1083,778,832,516,1371,647,597,862,426,636,637,805,599,1332,674,1097,744,535,372,892,908,663,748,534,487,1238,1493,368,1062,830,605,799,1119
Talk to Me - Red Velvet - [None],846,543,473,444,1046,1222,612,662,893,811,582,527,459,808,1051,1214,1134,1176,668,1151,783,1175,619,1324,674,630,1301,416,1405,821,868,340,622,937,861,445,707,710,588,893,1812,475,1647,774,619,607,1015,883,746,994,1014,964,1162,483,1257,480,985,868,570,1066,700,802,570,1341,620,642,862,408,631,630,780,681,1364,752,1011,721,505,380,874,883,676,753,579,499,1253,1526,339,1091,894,604,713,1084
Some Love - Red Velvet - [None],371,359,293,263,472,517,344,338,376,388,300,332,279,431,429,515,498,470,337,506,415,484,333,528,349,327,546,266,551,342,384,241,310,421,410,285,366,349,315,425,475,670,616,429,324,303,415,500,400,422,440,467,450,280,492,276,459,381,292,427,353,405,347,552,335,345,398,278,348,395,424,344,537,370,442,358,319,246,396,413,349,341,314,305,507,572,241,491,426,318,358,441
Psycho - Red Velvet - [None],1483,887,805,612,2011,2274,939,1005,1776,1408,838,684,681,1381,2091,2235,2093,2508,1022,2071,1537,2501,937,3078,1022,990,2572,673,3015,1521,1652,541,1081,1866,1476,648,1349,1339,918,1617,1647,616,4659,1344,1092,1014,1761,1556,1155,1817,1977,1645,2354,659,2659,721,1612,1526,887,2220,1118,1474,824,3009,1017,958,1596,575,944,1041,1316,960,2977,1113,2038,1230,712,541,1685,1819,1158,1413,890,699,2915,3669,512,1929,1446,942,1286,2201
Perfect 10 - Red Velvet - [None],690,533,442,393,1021,1032,566,520,709,687,476,442,403,745,828,984,996,910,572,1019,773,991,518,1093,556,550,1023,398,1121,642,764,335,519,852,694,424,691,660,601,803,774,429,1344,1501,640,513,853,821,660,857,925,763,951,397,959,405,774,687,487,896,558,801,557,1273,574,528,750,353,594,537,748,531,1113,534,813,605,466,332,732,883,603,599,591,408,1066,1283,335,959,737,528,697,913
Diamond - Red Velvet - [None],614,394,363,338,760,812,478,479,622,749,449,399,366,577,689,788,764,758,534,786,780,929,421,961,434,499,813,340,944,615,663,293,466,732,585,360,722,621,504,679,619,324,1092,640,1226,468,748,597,512,744,838,629,797,338,842,360,627,616,411,789,480,589,461,1013,500,453,590,317,465,439,581,435,936,485,718,561,410,311,665,765,525,535,451,370,980,1053,301,827,583,459,551,794
Mosquito - Red Velvet - [None],627,397,371,311,638,768,441,473,650,526,453,344,387,570,706,767,700,761,508,692,568,753,504,886,463,501,803,312,878,554,585,272,431,593,557,339,500,505,433,582,607,303,1014,513,468,1102,645,582,538,720,717,709,755,376,762,312,619,701,458,754,472,512,407,864,427,630,570,291,397,446,464,498,930,510,716,546,352,306,638,588,490,543,458,342,839,927,247,705,552,409,497,738
LP - Red Velvet - [None],933,551,470,435,1185,1293,648,657,959,905,709,521,462,769,1056,1292,1127,1206,766,1194,848,1312,615,1458,622,705,1225,430,1532,926,976,374,739,1029,908,443,779,800,677,1062,1015,415,1761,853,748,645,2036,892,731,1059,1143,910,1247,467,1392,507,897,895,545,1196,754,819,598,1473,779,637,848,429,667,602,842,645,1506,715,1105,791,541,386,946,1035,739,762,639,500,1319,1660,348,1189,860,645,821,1209
Body Talk - Red Velvet - [None],684,609,449,391,986,1081,617,523,723,726,508,461,435,812,891,1040,1092,1008,586,1101,863,1083,569,1218,596,601,1176,413,1317,707,732,357,543,889,692,405,698,622,568,773,883,500,1556,821,597,582,892,1789,632,955,954,833,1003,405,1101,410,857,685,513,958,592,749,571,1362,606,596,734,369,544,610,718,591,1246,582,853,669,461,364,779,908,659,590,567,421,1125,1359,339,977,762,536,657,952
My Second Date - Red Velvet - [None],653,467,403,383,755,867,496,531,674,627,497,426,409,627,773,879,886,840,544,816,615,853,500,967,548,487,902,353,992,588,642,305,481,658,651,376,538,540,475,680,746,400,1155,660,512,538,731,632,1284,766,803,755,817,418,885,374,712,664,481,789,566,603,463,982,486,542,646,337,525,520,583,544,989,556,740,576,447,320,674,667,516,550,589,394,902,1065,288,817,626,464,598,788
Sassy Me - Red Velvet - [None],940,564,478,406,1113,1330,651,618,954,848,625,480,505,863,1104,1217,1199,1211,742,1260,990,1336,597,1514,661,775,1337,438,1583,894,900,371,627,999,883,455,803,810,732,974,994,422,1817,857,744,720,1059,955,766,2053,1245,1023,1282,484,1318,428,966,966,609,1244,708,833,598,1551,644,686,857,384,599,657,791,660,1593,737,1092,861,504,409,1004,1026,724,776,700,454,1444,1660,335,1186,820,583,798,1268
La Rouge - Red Velvet - [None],1030,545,520,452,1231,1338,664,686,1049,927,629,535,511,877,1193,1370,1202,1331,767,1299,1002,1463,635,1596,673,763,1407,495,1648,925,1047,403,703,1111,957,478,903,912,671,1119,1014,440,1977,925,838,717,1143,954,803,1245,2198,1042,1336,476,1415,484,1011,1019,617,1273,756,953,590,1697,705,659,972,418,657,699,862,685,1629,728,1183,889,533,403,1073,1137,825,851,622,502,1541,1794,361,1250,892,631,858,1330
Zoo - Red Velvet - [None],922,558,479,435,960,1243,637,636,934,774,589,458,510,809,1080,1178,1146,1256,718,1057,828,1207,700,1400,663,681,1382,399,1429,805,832,351,577,898,841,448,739,700,556,901,964,467,1645,763,629,709,910,833,755,1023,1042,1829,1144,483,1220,391,954,1027,629,1103,730,727,517,1355,619,743,827,359,543,682,674,696,1469,723,1039,750,506,379,945,890,624,797,592,471,1289,1501,307,1124,816,572,694,1113
Dumb Dumb - Red Velvet - [None],1067,655,542,470,1300,1477,715,713,1341,987,655,528,553,954,1565,1475,1382,1722,777,1339,1021,1707,683,1947,769,787,1641,475,1855,1261,1075,396,753,1303,993,511,884,1008,689,1098,1162,450,2354,951,797,755,1247,1003,817,1282,1336,1144,2668,577,1788,506,1181,1107,733,1647,808,980,639,1844,710,724,1037,423,635,722,887,731,1861,828,1471,986,544,453,1254,1266,796,1141,701,517,1846,2185,367,1344,991,669,851,1634
Don't U Wait No More - Red Velvet - [None],442,346,275,288,450,516,338,356,448,366,331,323,327,421,502,502,488,539,384,480,368,515,353,579,415,372,560,247,580,415,400,232,342,444,443,297,337,382,325,457,483,280,659,397,338,376,467,405,418,484,476,483,577,724,538,269,463,469,404,519,357,407,356,561,355,380,425,263,314,336,361,404,596,433,490,405,308,281,449,429,349,403,367,317,526,605,213,499,411,358,372,519
Russian Roulette - Red Velvet - [None],1153,686,577,520,1372,1713,759,803,1459,1089,707,609,580,983,1647,1669,1467,1888,797,1432,1076,1875,739,2254,756,799,1779,499,2090,1300,1190,423,821,1373,1106,509,954,1068,723,1231,1257,492,2659,959,842,762,1392,1101,885,1318,1415,1220,1788,538,3029,575,1213,1153,703,1684,885,995,657,1977,787,757,1094,476,760,784,950,776,2089,928,1626,1043,606,475,1362,1399,836,1170,696,601,1999,2452,391,1464,1089,748,967,1657
Take It Slow - Red Velvet - [None],395,342,334,296,532,547,332,386,425,411,295,339,262,415,486,563,491,527,333,520,396,536,323,571,332,297,571,320,581,375,468,289,428,507,467,292,377,383,344,511,480,276,721,405,360,312,507,410,374,428,484,391,506,269,575,784,453,401,300,492,374,466,332,602,432,293,515,340,405,356,482,335,581,390,500,384,340,276,411,468,387,369,296,322,573,672,318,508,500,430,456,488
Oh Boy - Red Velvet - [None],800,582,478,432,1017,1167,608,591,816,772,530,503,468,852,1009,1170,1111,1115,621,1165,825,1143,575,1358,656,620,1243,442,1389,779,803,347,619,898,797,482,695,692,578,872,985,459,1612,774,627,619,897,857,712,966,1011,954,1181,463,1213,453,1831,836,596,999,630,830,591,1417,579,611,842,411,592,627,761,629,1373,711,963,707,475,384,870,943,716,721,569,455,1252,1501,342,1061,825,605,700,1059
Hit That Drum - Red Velvet - [None],873,480,433,407,893,1130,563,654,977,713,545,435,470,718,1054,1104,980,1182,687,900,731,1170,608,1307,635,697,1275,419,1281,792,826,345,585,892,781,396,686,707,535,869,868,381,1526,687,616,701,895,685,664,966,1019,1027,1107,469,1153,401,836,1658,610,1133,679,745,464,1230,570,662,815,350,519,592,615,624,1338,688,1053,715,459,357,902,835,568,817,549,433,1244,1396,316,1029,766,557,700,1084
Huff N Puff - Red Velvet - [None],525,399,310,322,535,639,376,388,564,444,399,323,398,546,655,625,626,680,451,599,484,692,413,775,522,459,713,280,777,504,466,244,390,559,497,357,410,464,379,509,570,292,887,487,411,458,545,513,481,609,617,629,733,404,703,300,596,610,984,672,427,463,410,746,377,456,497,281,345,389,423,477,797,526,613,473,326,313,544,570,394,515,433,335,709,802,236,645,496,430,422,669
Zimzalabim - Red Velvet - [None],1044,601,521,464,1242,1423,669,726,1354,946,679,519,526,912,1487,1397,1270,1660,757,1253,980,1675,677,1896,720,794,1535,463,1776,1230,1078,394,694,1307,978,471,891,1017,659,1083,1066,427,2220,896,789,754,1196,958,789,1244,1273,1103,1647,519,1684,492,999,1133,672,2468,792,935,601,1687,690,719,995,423,628,682,829,706,1778,791,1506,987,510,429,1217,1200,742,1194,686,524,1814,2036,372,1252,934,670,842,1666
Carpool - Red Velvet - [None],722,445,396,351,794,857,451,537,702,595,526,388,388,547,761,894,756,895,675,781,593,859,504,945,494,546,955,334,979,593,735,298,485,636,778,350,531,502,446,778,700,353,1118,558,480,472,754,592,566,708,756,730,808,357,885,374,630,679,427,792,1213,599,394,907,464,490,642,334,469,552,571,516,975,534,843,541,415,317,670,605,463,558,431,387,907,1037,280,753,621,472,570,779
Light Me Up - Red Velvet - [None],685,515,472,388,1027,1039,516,581,756,711,453,433,360,742,881,1005,889,987,555,986,713,989,545,1102,557,535,1134,484,1159,658,827,362,589,876,739,414,699,644,557,832,802,405,1474,801,589,512,819,749,603,833,953,727,980,407,995,466,830,745,463,935,599,1578,500,1262,563,505,881,378,540,559,728,513,1135,540,864,612,419,323,752,851,628,635,438,434,1128,1348,379,891,792,550,680,938
Time Slip - Red Velvet - [None],446,420,305,339,637,658,419,356,455,470,367,373,327,557,548,627,635,588,401,648,515,664,367,708,415,427,636,297,729,462,457,281,391,575,463,359,456,448,419,516,570,347,824,557,461,407,598,571,463,598,590,517,639,356,657,332,591,464,410,601,394,500,952,766,422,405,484,293,392,381,491,407,714,427,542,457,347,291,506,633,465,419,423,326,671,790,271,641,504,399,441,614
Kingdom Come - Red Velvet - [None],1196,751,658,517,1719,1872,833,833,1276,1181,720,630,584,1197,1551,1825,1789,1814,871,1815,1351,1958,754,2328,840,883,1998,579,2368,1209,1314,482,899,1578,1195,575,1166,1134,848,1371,1341,552,3009,1273,1013,864,1473,1362,982,1551,1697,1355,1844,561,1977,602,1417,1230,746,1687,907,1262,766,3418,895,804,1294,493,840,851,1166,820,2354,921,1548,1042,632,465,1334,1628,1018,1032,794,580,2165,2746,448,1735,1234,833,1123,1707
Hear The Sea - Red Velvet - [None],525,415,389,341,741,782,483,485,562,546,408,423,332,539,665,783,688,717,459,747,557,758,468,836,422,451,791,397,865,537,666,370,549,725,574,356,517,538,467,647,620,335,1017,574,500,427,779,606,486,644,705,619,710,355,787,432,579,570,377,690,464,563,422,895,1160,423,606,382,493,457,626,489,867,485,671,524,413,290,607,671,574,480,402,400,774,921,318,719,629,463,685,699
Mr. E - Red Velvet - [None],620,425,355,331,634,766,458,487,623,532,476,368,404,540,681,767,723,754,521,712,571,724,476,854,485,493,810,312,870,557,557,281,422,580,549,332,494,464,424,597,642,345,958,528,453,630,637,596,542,686,659,743,724,380,757,293,611,662,456,719,490,505,405,804,423,1065,534,294,397,471,469,524,887,506,684,544,384,304,634,555,465,504,449,340,782,870,246,713,549,402,474,713
Candy - Red Velvet - [None],762,577,568,408,1062,1126,541,652,859,767,484,457,388,759,1023,1065,959,1138,562,1007,779,1086,570,1229,603,544,1272,482,1238,694,955,393,649,936,817,437,747,682,539,862,862,398,1596,750,590,570,848,734,646,857,972,827,1037,425,1094,515,842,815,497,995,642,881,484,1294,606,534,1694,410,580,609,778,570,1225,604,962,658,457,352,852,836,638,713,455,462,1246,1468,397,968,887,600,803,976
My Dear - Red Velvet - [None],352,302,293,282,416,459,322,340,362,368,276,356,259,354,415,472,397,449,326,448,337,441,311,474,321,291,457,296,499,348,407,259,404,393,398,276,309,342,329,426,408,278,575,353,317,291,429,369,337,384,418,359,423,263,476,340,411,350,281,423,334,378,293,493,382,294,410,620,366,330,400,330,477,364,436,337,312,254,371,373,354,319,271,334,444,521,276,410,417,334,380,416
About Love - Red Velvet - [None],527,408,374,317,719,729,427,453,525,572,374,399,305,526,602,755,652,651,451,754,517,721,386,763,392,398,727,356,799,510,620,294,498,596,573,353,484,470,482,636,631,348,944,594,465,397,667,544,525,599,657,543,635,314,760,405,592,519,345,628,469,540,392,840,493,397,580,366,1042,450,676,399,781,443,617,466,438,253,550,578,489,447,416,363,723,888,303,699,580,424,608,625
Swimming Pool - Red Velvet - [None],553,456,465,347,694,789,532,460,566,587,419,375,362,562,677,774,693,780,473,742,574,751,465,833,473,438,888,341,899,480,614,303,470,570,633,343,482,424,422,637,630,395,1041,537,439,446,602,610,520,657,699,682,722,336,784,356,627,592,389,682,552,559,381,851,457,471,609,330,450,1179,535,497,833,480,687,527,393,297,625,517,584,482,398,366,786,927,295,657,574,393,528,680
Time to Love - Red Velvet - [None],615,496,473,376,987,1004,528,555,699,700,428,440,352,683,769,977,852,900,533,1029,729,961,457,1026,506,479,1010,439,1079,632,821,364,580,805,725,380,646,611,538,805,780,424,1316,748,581,464,842,718,583,791,862,674,887,361,950,482,761,615,423,829,571,728,491,1166,626,469,778,400,676,535,1464,494,1038,539,806,588,503,307,707,773,648,551,437,409,1024,1230,381,869,783,548,767,862
Happily Ever After - Red Velvet - [None],590,416,369,355,617,761,471,477,599,530,454,410,420,554,691,754,685,725,515,704,543,743,472,845,508,482,791,325,868,572,570,297,450,595,557,353,486,483,419,599,681,344,960,531,435,498,645,591,544,660,685,696,731,404,776,335,629,624,477,706,516,513,407,820,489,524,570,330,399,497,494,1074,869,578,673,537,390,327,645,580,483,510,444,378,753,878,274,685,604,455,512,685
Sunny Side Up! - Red Velvet - [None],1394,731,645,503,1556,1908,804,870,1452,1162,768,608,618,1205,1688,1854,1744,1912,950,1655,1259,2016,798,2415,861,915,2015,568,2470,1253,1299,460,863,1474,1217,561,1088,1110,773,1332,1364,537,2977,1113,936,930,1506,1246,989,1593,1629,1469,1861,596,2089,581,1373,1338,797,1778,975,1135,714,2354,867,887,1225,477,781,833,1038,869,3348,984,1661,1100,620,489,1425,1530,966,1168,802,610,2195,2687,425,1701,1182,812,1070,1799
Lucky Girl - Red Velvet - [None],667,420,376,376,662,840,461,525,688,554,458,453,484,614,766,850,767,838,537,714,549,836,469,949,540,500,917,347,938,612,628,298,515,679,663,350,492,553,431,674,752,370,1113,534,485,510,715,582,556,737,728,723,828,433,928,390,711,688,526,791,534,540,427,921,485,506,604,364,443,480,539,578,984,1221,771,579,424,373,669,649,476,593,461,457,872,1017,276,773,653,496,555,782
Umpah Umpah - Red Velvet - [None],1048,575,536,449,1178,1374,623,732,1330,891,630,510,517,828,1373,1347,1154,1577,766,1135,865,1587,623,1754,646,707,1478,464,1608,1129,1051,384,691,1222,988,461,822,959,610,1097,1011,442,2038,813,718,716,1105,853,740,1092,1183,1039,1471,490,1626,500,963,1053,613,1506,843,864,542,1548,671,684,962,436,617,687,806,673,1661,771,2255,984,535,405,1195,1085,690,1095,610,511,1649,1898,360,1188,930,654,834,1469
Sappy - Red Velvet - [None],706,429,407,359,781,932,525,518,855,642,471,420,401,617,929,917,819,950,551,838,657,1063,476,1096,500,575,938,330,1048,839,692,310,495,875,651,374,596,766,522,744,721,358,1230,605,561,546,791,669,576,861,889,750,986,405,1043,384,707,715,473,987,541,612,457,1042,524,544,658,337,466,527,588,537,1100,579,984,1403,419,342,960,780,597,756,497,390,1048,1171,293,839,631,488,591,1012
All Right - Red Velvet - [None],451,367,321,321,526,634,420,417,460,464,344,356,306,430,503,617,555,576,414,574,449,585,359,614,369,369,602,300,634,413,475,255,397,476,476,291,396,391,397,535,505,319,712,466,410,352,541,461,447,504,533,506,544,308,606,340,475,459,326,510,415,419,347,632,413,384,457,312,438,393,503,390,620,424,535,419,783,266,460,483,395,390,378,325,577,674,264,609,461,383,454,525
Stupid Cupid - Red Velvet - [None],368,272,238,260,355,416,276,296,360,316,295,284,327,356,424,426,386,414,313,381,328,425,290,494,323,309,428,236,476,356,343,229,306,386,342,259,304,329,278,372,380,246,541,332,311,306,386,364,320,409,403,379,453,281,475,276,384,357,313,429,317,323,291,465,290,304,352,254,253,297,307,327,489,373,405,342,266,596,365,385,302,341,297,290,460,496,208,391,340,334,316,437
Cookie Jar - Red Velvet - [None],906,508,503,402,986,1178,652,612,1052,816,538,443,466,760,1190,1159,1016,1212,650,1047,821,1338,563,1493,566,642,1209,395,1376,1054,898,351,631,1037,821,422,732,857,559,892,874,396,1685,732,665,638,946,779,674,1004,1073,945,1254,449,1362,411,870,902,544,1217,670,752,506,1334,607,634,852,371,550,625,707,645,1425,669,1195,960,460,365,1859,946,702,888,540,448,1391,1537,321,1037,785,565,744,1248
Automatic - Red Velvet - [None],825,530,441,412,1091,1244,594,559,905,776,507,469,432,919,1101,1181,1124,1188,590,1122,877,1376,533,1552,599,620,1228,411,1441,958,786,389,602,1208,757,454,819,1007,613,908,883,413,1819,883,765,588,1035,908,667,1026,1137,890,1266,429,1399,468,943,835,570,1200,605,851,633,1628,671,555,836,373,578,517,773,580,1530,649,1085,780,483,385,946,2141,645,813,589,429,1403,1760,343,1221,829,646,735,1216
Sayonara - Red Velvet - [None],564,449,459,330,777,853,585,458,580,627,420,400,359,602,719,849,782,725,474,904,679,849,427,944,446,459,843,389,1032,552,679,339,520,701,617,380,557,530,490,663,676,349,1158,603,525,490,739,659,516,724,825,624,796,349,836,387,716,568,394,742,463,628,465,1018,574,465,638,354,489,584,648,483,966,476,690,597,395,302,702,645,1308,479,439,386,895,1038,299,730,625,451,603,769
Happiness - Red Velvet - [None],774,419,394,364,787,925,431,552,1048,629,470,390,401,606,1150,910,807,1217,535,755,613,1114,498,1272,521,532,1024,375,1113,922,717,296,482,949,682,358,599,821,475,748,753,341,1413,599,535,543,762,590,550,776,851,797,1141,403,1170,369,721,817,515,1194,558,635,419,1032,480,504,713,319,447,482,551,510,1168,593,1095,756,390,341,888,813,479,1503,449,389,1233,1340,288,810,668,484,581,1114
Attaboy - Red Velvet - [None],538,377,294,298,592,676,449,371,535,482,448,353,373,526,624,674,694,626,476,634,509,690,394,784,438,453,658,261,793,524,488,251,380,566,485,309,454,473,424,534,579,314,890,591,451,458,639,567,589,700,622,592,701,367,696,296,569,549,433,686,431,438,423,794,402,449,455,271,416,398,437,444,802,461,610,497,378,297,540,589,439,449,1008,321,716,831,229,675,462,390,446,666
Fool - Red Velvet - [None],456,326,328,293,489,551,327,391,454,428,333,375,329,414,503,561,504,542,372,511,418,546,360,615,375,359,599,283,612,392,487,262,401,462,478,292,401,398,346,487,499,305,699,408,370,342,500,421,394,454,502,471,517,317,601,322,455,433,335,524,387,434,326,580,400,340,462,334,363,366,409,378,610,457,511,390,325,290,448,429,386,389,321,755,582,656,251,505,469,386,436,498
Monster - Red Velvet - [None],1238,695,634,488,1497,1685,743,841,1470,1170,706,548,553,1074,1701,1633,1552,1936,853,1541,1309,2068,730,2352,792,837,1872,530,2185,1261,1281,438,806,1461,1188,556,1147,1154,758,1238,1253,507,2915,1066,980,839,1319,1125,902,1444,1541,1289,1846,526,1999,573,1252,1244,709,1814,907,1128,671,2165,774,782,1246,444,723,786,1024,753,2195,872,1649,1048,577,460,1391,1403,895,1233,716,582,3095,2654,416,1474,1114,753,1020,1798
Bad Boy - Red Velvet - [None],1367,818,710,576,1876,2105,865,940,1652,1323,784,648,614,1258,1923,2056,1922,2325,942,1917,1404,2321,854,2799,909,932,2278,631,2666,1445,1499,484,982,1755,1349,620,1260,1299,858,1493,1526,572,3669,1283,1053,927,1660,1359,1065,1660,1794,1501,2185,605,2452,672,1501,1396,802,2036,1037,1348,790,2746,921,870,1468,521,888,927,1230,878,2687,1017,1898,1171,674,496,1537,1760,1038,1340,831,656,2654,4080,477,1811,1344,890,1205,2048
First Time - Red Velvet - [None],303,284,283,235,421,386,270,302,328,325,231,274,222,323,370,392,364,391,265,392,318,404,263,421,258,263,420,314,416,286,370,280,323,399,323,237,293,300,275,368,339,241,512,335,301,247,348,339,288,335,361,307,367,213,391,318,342,316,236,372,280,379,271,448,318,246,397,276,303,295,381,274,425,276,360,293,264,208,321,343,299,288,229,251,416,477,545,372,364,282,358,364
Look - Red Velvet - [None],979,610,527,463,1225,1513,715,709,987,910,623,530,497,955,1169,1391,1473,1322,753,1324,977,1459,669,1648,649,741,1488,471,1622,956,984,408,715,1126,928,484,870,889,704,1062,1091,491,1929,959,827,705,1189,977,817,1186,1250,1124,1344,499,1464,508,1061,1029,645,1252,753,891,641,1735,719,713,968,410,699,657,869,685,1701,773,1188,839,609,391,1037,1221,730,810,675,505,1474,1811,372,2204,963,677,857,1299
